# Time (s)  Number of Muons
0.00 1000.00
0.10 990.05
0.20 980.20
0.30 970.45
0.40 960.79
0.50 951.23
0.60 941.76
0.70 932.39
0.80 923.12
0.90 913.93
1.00 904.84
1.10 895.83
1.20 886.92
1.30 878.10
1.40 869.36
1.50 860.71
1.60 852.14
1.70 843.66
1.80 835.27
1.90 826.96
2.00 818.73
2.10 810.58
2.20 802.52
2.30 794.53
2.40 786.63
2.50 778.80
2.60 771.05
2.70 763.38
2.80 755.78
2.90 748.26
3.00 740.82
3.10 733.45
3.20 726.15
3.30 718.92
3.40 711.77
3.50 704.69
3.60 697.68
3.70 690.73
3.80 683.86
3.90 677.06
4.00 670.32
4.10 663.65
4.20 657.05
4.30 650.51
4.40 644.04
4.50 637.63
4.60 631.28
4.70 625.00
4.80 618.78
4.90 612.63
5.00 606.53
5.10 600.50
5.20 594.52
5.30 588.60
5.40 582.75
5.50 576.95
5.60 571.21
5.70 565.53
5.80 559.90
5.90 554.33
6.00 548.81
6.10 543.35
6.20 537.94
6.30 532.59
6.40 527.29
6.50 522.05
6.60 516.85
6.70 511.71
6.80 506.62
6.90 501.58
7.00 496.59
7.10 491.64
7.20 486.75
7.30 481.91
7.40 477.11
7.50 472.37
7.60 467.67
7.70 463.01
7.80 458.41
7.90 453.84
8.00 449.33
8.10 444.86
8.20 440.43
8.30 436.05
8.40 431.71
8.50 427.41
8.60 423.16
8.70 418.95
8.80 414.78
8.90 410.66
9.00 406.57
9.10 402.52
9.20 398.52
9.30 394.55
9.40 390.63
9.50 386.74
9.60 382.89
9.70 379.08
9.80 375.31
9.90 371.58
10.00 367.88
10.10 364.22
10.20 360.59
10.30 357.01
10.40 353.45
10.50 349.94
10.60 346.46
10.70 343.01
10.80 339.60
10.90 336.22
11.00 332.87
11.10 329.56
11.20 326.28
11.30 323.03
11.40 319.82
11.50 316.64
11.60 313.49
11.70 310.37
11.80 307.28
11.90 304.22
12.00 301.19
12.10 298.20
12.20 295.23
12.30 292.29
12.40 289.38
12.50 286.50
12.60 283.65
12.70 280.83
12.80 278.04
12.90 275.27
13.00 272.53
13.10 269.82
13.20 267.14
13.30 264.48
13.40 261.85
13.50 259.24
13.60 256.66
13.70 254.11
13.80 251.58
13.90 249.08
14.00 246.60
14.10 244.14
14.20 241.71
14.30 239.31
14.40 236.93
14.50 234.57
14.60 232.24
14.70 229.93
14.80 227.64
14.90 225.37
15.00 223.13
15.10 220.91
15.20 218.71
15.30 216.54
15.40 214.38
15.50 212.25
15.60 210.14
15.70 208.05
15.80 205.98
15.90 203.93
16.00 201.90
16.10 199.89
16.20 197.90
16.30 195.93
16.40 193.98
16.50 192.05
16.60 190.14
16.70 188.25
16.80 186.37
16.90 184.52
17.00 182.68
17.10 180.87
17.20 179.07
17.30 177.28
17.40 175.52
17.50 173.77
17.60 172.04
17.70 170.33
17.80 168.64
17.90 166.96
18.00 165.30
18.10 163.65
18.20 162.03
18.30 160.41
18.40 158.82
18.50 157.24
18.60 155.67
18.70 154.12
18.80 152.59
18.90 151.07
19.00 149.57
19.10 148.08
19.20 146.61
19.30 145.15
19.40 143.70
19.50 142.27
19.60 140.86
19.70 139.46
19.80 138.07
19.90 136.70
